125.5
121.9
117.5
118.6
127.8
131.3
127.1
111.6
116.9
123.4
--
-
-
--
-
122.6
124.6
124.8
126.5
125.0
112.6
100.7
121.8
124.5
131.0
124.7
117.8
117.6
123.4
131.2
122.4
130.3
122.6
126.5
124.7
127.0
118.3
124.4
124.7
110.3
119.7
128.2
129.1
126.3
123.7
117.3
116.8
129.0
128.5
129.0

174.5
176.3
173.6
172.4
173.8
173.9
173.8
170.2
175.4
176.6
--
-
175.8
--
173.1
174.3
173.9
172.3
173.0
177.0
171.9
172.1
175.0
175.8
173.9
174.6
172.1
173.8
171.8
174.2
172.2
175.7
174.1
173.9
172.8
175.4
175.9
175.0
174.5
172.5
174.4
173.2
175.2
174.4
175.4
173.3
170.3
173.1
173.0
175.1

56.1
53.4
48.4
60.0
52.6
56.3
60.0
44.7
56.5
56.6
--
-
51.7
--
-
54.5
61.2
60.8
51.9
59.9
47.4
44.4
50.0
61.7
61.3
60.1
49.0
59.4
61.7
49.7
60.6
50.7
54.6
54.7
61.9
60.1
55.3
49.8
49.9
44.2
56.4
60.1
50.3
49.7
50.3
61.2
44.9
56.9
60.9
54.5

-
35.7

35.7
47.3
43.4
34.4

68.7
-
--
-
31.5
--
-
-
35.5
68.5
42.0
34.4


22.1
32.7
34.7
71.4

37.4
68.8
21.7
36.7
23.1
37.6
-
69.9
-


-

67.4
44.4
22.5
22.2
23.2
70.8

43.5
35.6
-

-
35.6

21.9/24.5
27.5
128.0
19.9/22.1


-
--

125.1
--
-
-
21.1/-
23.4/23.4
174.4
20.9/23.0



19.7/21.2
19.7/22.1
22.5

20.3/23.3
22.9

20.6/25.1

34.7
-
21.1
-/-





27.8/17.6



20.5

137.4
-/-
-

-
183.4


25.3/29.0
133.0



-
--

129.4
--
-
-
















179.3
-







16.9





131.2
-
-

-




117.5



-
--

140.3
--



















-













129.3

-

-




157.3



-
--


--



















-













140.3

-

-








-
--

-/-
--

-


113.9













112.4
-















-

